10
,,,,,,,
<itertools.combinations object at 1>
,,,,,,,
((53, 65), (78,))
9
,,,,,,,
<itertools.combinations object at 2>
,,,,,,,
((49, 21), (110,))
8
,,,,,,,
<itertools.combinations object at 1>
,,,,,,,
((32,), (23, 17, 19, 13, 8, 11, 24, 92, 109, 12, 16, 18, 0, 4, 7, 22, 54))
7
,,,,,,,
<itertools.combinations object at 2>
,,,,,,,
((88, 139, 129, 147, 128, 126, 127, 112, 131, 111, 124, 101, 116, 118, 119, 120, 114, 105, 123, 41, 27, 36, 25, 28, 37, 43, 42, 31, 48, 39, 113, 100, 115, 26, 33, 35, 108, 102, 38, 45, 44, 46, 47, 104, 107, 106, 122, 134, 9, 1, 90, 103, 121, 148, 141, 145, 125, 137, 143, 146, 130, 142, 149, 133, 77, 132, 140, 144, 117, 58, 29, 40, 34, 30, 96, 86, 99, 75, 135, 83, 93, 94, 87, 98, 80, 61, 59, 63, 74, 69, 64, 71, 51, 62, 85, 138, 84, 66, 20, 67, 57, 68, 72, 52, 55, 70, 56, 136, 95, 97, 79, 73, 89, 81, 76, 6, 5, 82), (32, 23, 17, 19, 13, 8, 11, 24, 92, 109, 12, 16, 18, 0, 4, 7, 22, 54))
6
,,,,,,,
<itertools.combinations object at 1>
,,,,,,,
((15, 3, 14, 2, 10), (49, 21, 110))
5
,,,,,,,
<itertools.combinations object at 2>
,,,,,,,
((50, 60), (91,))
4
,,,,,,,
<itertools.combinations object at 1>
,,,,,,,
((88, 139, 129, 147, 128, 126, 127, 112, 131, 111, 124, 101, 116, 118, 119, 120, 114, 105, 123, 41, 27, 36, 25, 28, 37, 43, 42, 31, 48, 39, 113, 100, 115, 26, 33, 35, 108, 102, 38, 45, 44, 46, 47, 104, 107, 106, 122, 134, 9, 1, 90, 103, 121, 148, 141, 145, 125, 137, 143, 146, 130, 142, 149, 133, 77, 132, 140, 144, 117, 58, 29, 40, 34, 30, 96, 86, 99, 75, 135, 83, 93, 94, 87, 98, 80, 61, 59, 63, 74, 69, 64, 71, 51, 62, 85, 138, 84, 66, 20, 67, 57, 68, 72, 52, 55, 70, 56, 136, 95, 97, 79, 73, 89, 81, 76, 6, 5, 82, 32, 23, 17, 19, 13, 8, 11, 24, 92, 109, 12, 16, 18, 0, 4, 7, 22, 54), (53, 65, 78))
3
,,,,,,,
<itertools.combinations object at 2>
,,,,,,,
((15, 3, 14, 2, 10, 49, 21, 110), (88, 139, 129, 147, 128, 126, 127, 112, 131, 111, 124, 101, 116, 118, 119, 120, 114, 105, 123, 41, 27, 36, 25, 28, 37, 43, 42, 31, 48, 39, 113, 100, 115, 26, 33, 35, 108, 102, 38, 45, 44, 46, 47, 104, 107, 106, 122, 134, 9, 1, 90, 103, 121, 148, 141, 145, 125, 137, 143, 146, 130, 142, 149, 133, 77, 132, 140, 144, 117, 58, 29, 40, 34, 30, 96, 86, 99, 75, 135, 83, 93, 94, 87, 98, 80, 61, 59, 63, 74, 69, 64, 71, 51, 62, 85, 138, 84, 66, 20, 67, 57, 68, 72, 52, 55, 70, 56, 136, 95, 97, 79, 73, 89, 81, 76, 6, 5, 82, 32, 23, 17, 19, 13, 8, 11, 24, 92, 109, 12, 16, 18, 0, 4, 7, 22, 54, 53, 65, 78))
2
,,,,,,,
<itertools.combinations object at 1>
,,,,,,,
((50, 60, 91), (15, 3, 14, 2, 10, 49, 21, 110, 88, 139, 129, 147, 128, 126, 127, 112, 131, 111, 124, 101, 116, 118, 119, 120, 114, 105, 123, 41, 27, 36, 25, 28, 37, 43, 42, 31, 48, 39, 113, 100, 115, 26, 33, 35, 108, 102, 38, 45, 44, 46, 47, 104, 107, 106, 122, 134, 9, 1, 90, 103, 121, 148, 141, 145, 125, 137, 143, 146, 130, 142, 149, 133, 77, 132, 140, 144, 117, 58, 29, 40, 34, 30, 96, 86, 99, 75, 135, 83, 93, 94, 87, 98, 80, 61, 59, 63, 74, 69, 64, 71, 51, 62, 85, 138, 84, 66, 20, 67, 57, 68, 72, 52, 55, 70, 56, 136, 95, 97, 79, 73, 89, 81, 76, 6, 5, 82, 32, 23, 17, 19, 13, 8, 11, 24, 92, 109, 12, 16, 18, 0, 4, 7, 22, 54, 53, 65, 78))
[1499919.0, 1489698.0, 1208826.0, 1207976.0, 1127700.0, 1065419.0, 1057888.0, 632494.0, 280324.0]
